period,department,metric,value,unit,target,source_file,owner,approved,updated_at
